# timestamp  r  b  swpd  free  buff  cache  si  so  bi  bo  in  cs  us  sy  id  wa  st
20:55:38  0  0      0 1960412  64508 1877212    0    0     0    32 1171 1389  1  0 99  0  0  0
20:55:39  0  0      0 1959892  64508 1877228    0    0     0     0  842 1036  0  0 99  0  0  0
20:55:40  0  0      0 1968732  64508 1877228    0    0     0     0 1094 1275  1  1 99  0  0  0
20:55:41  1  1      0 1846500  64508 1877244    0    0 77824     1 7317 17291 19  7 71  3  0  0
20:55:42  9  0      0 1821932  64508 1877236    0    0 14336     2 4293 7230 63  3 32  1  0  0
20:55:43  2  0      0 1845852  64516 1877240    0    0    16   130 2591 3206 72  2 25  0  0  0
20:55:44  4  0      0 1807568  64516 1877240    0    0     0     2 2472 2909 59  3 39  0  0  0
20:55:45 10  0      0 1827316  64516 1877240    0    0     0     2 2255 2604 86  1 13  0  0  0
20:55:46  4  0      0 1820548  64516 1877240    0    0    64    25 2479 3250 97  1  1  0  0  0
20:55:47 10  0      0 1815188  64516 1877240    0    0     0     3 2349 2718 53  2 45  0  0  0
20:55:48  8  0      0 1815888  64524 1877232    0    0     0    75 2497 2919 98  1  1  0  0  0
20:55:49 10  0      0 1829216  64524 1877240    0    0     0     5 2553 3239 87  2 11  0  0  0
20:55:50  6  0      0 1815828  64524 1877240    0    0     0     3 2519 2670 86  2 12  0  0  0
20:55:51  5  0      0 1816052  64524 1877240    0    0     0     4 2264 2396 78  2 20  0  0  0
20:55:52  4  0      0 1830208  64524 1877240    0    0    16    18 2220 2410 67  2 30  0  0  0
20:55:53 10  0      0 1815480  64532 1877240    0    0    16    60 2318 2589 69  2 29  0  0  0
20:55:54  9  0      0 1808576  64532 1877240    0    0     0    11 2292 3148 99  1  1  0  0  0
20:55:55  4  0      0 1827940  64532 1877240    0    0     0     3 2259 2897 75  2 23  0  0  0
20:55:56 11  0      0 1804140  64532 1877240    0    0     0     0 2733 3346 73  3 24  0  0  0
20:55:57 17  0      0 1793148  64532 1877256    0    0     0    12 2748 4278 99  1  0  0  0  0
20:55:58 15  0      0 1795656  64540 1877280    0    0    16    91 2745 4456 99  1  0  0  0  0
20:56:00  8  0      0 1773444  64540 1877288    0    0     0     1 2735 4066 98  1  1  0  0  0
20:56:01  4  0      0 1793200  64540 1877304    0    0    32    27 2512 2841 59  3 38  0  0  0
20:56:02  2  0      0 1774504  64540 1877304    0    0     0     6 2331 2387 65  2 33  0  0  0
20:56:03  7  0      0 1770884  64540 1877304    0    0     0     6 2464 2538 63  3 34  0  0  0
20:56:04  6  0      0 1773848  64548 1877296    0    0     0    64 2470 3072 99  1  0  0  0  0
20:56:05  3  0      0 1770800  64548 1877304    0    0    16    21 2729 3682 55  2 42  0  0  0
20:56:06  9  0      0 1766588  64548 1877304    0    0     0    14 2460 3130 82  2 15  0  0  0
20:56:07  6  0      0 1783464  64548 1877308    0    0    16     4 2397 2647 80  2 17  0  0  0
20:56:08  5  0      0 1759100  64548 1877308    0    0     0     3 2481 2618 71  2 27  0  0  0
20:56:09 13  0      0 1758040  64556 1877300    0    0     0    91 2352 3070 82  1 17  0  0  0
20:56:10 14  0      0 1763568  64556 1877308    0    0     0     5 2495 3703 99  1  0  0  0  0
20:56:11 12  0      0 1749040  64556 1877308    0    0     0    22 2729 3924 99  1  0  0  0  0
20:56:12 11  0      0 1744604  64556 1877324    0    0     0    16 2468 3319 96  1  3  0  0  0
20:56:13  5  0      0 1743696  64556 1877356    0    0     0     4 2482 3386 94  2  4  0  0  0
20:56:14  5  0      0 1736132  64564 1877436    0    0     0    66 2346 2275 58  3 39  0  0  0
20:56:15 12  0      0 1722448  64564 1877452    0    0     0     9 2775 4248 95  1  4  0  0  0
20:56:16  3  0      0 1726132  64564 1877500    0    0     0     7 2552 3678 88  2 10  0  0  0
20:56:17  2  0      0 1713336  64564 1877596    0    0     0    19 2469 2472 59  3 37  0  0  0
20:56:18 12  0      0 1713668  64564 1877596    0    0     0    13 2713 3609 69  2 29  0  0  0
20:56:19  4  0      0 1705456  64572 1877648    0    0     0   107 2637 3619 75  2 22  0  0  0
20:56:20  5  0      0 1678952  64572 1877648    0    0    16     6 2739 3052 77  1 21  0  0  0
20:56:21  2  0      0 1673864  64572 1877656    0    0     0     5 2517 2799 55  2 43  0  0  0
20:56:22  3  0      0 1678972  64572 1877656    0    0    16     5 2448 2535 42  3 55  0  0  0
20:56:23  6  0      0 1667320  64572 1877652    0    0     0    18 2362 2361 55  2 43  0  0  0
20:56:24  9  0      0 1671448  64580 1877640    0    0     0    69 2434 2862 98  1  1  0  0  0
20:56:25  6  0      0 1675868  64580 1877640    0    0    16     3 2709 3568 73  2 25  0  0  0
20:56:26  5  0      0 1664324  64580 1877640    0    0     0     5 2551 3061 73  2 26  0  0  0
20:56:27  2  0      0 1667188  64580 1877640    0    0     0     3 2338 2678 74  1 25  0  0  0
20:56:28  1  0      0 1676384  64580 1877644    0    0     0     0 2379 2508 46  2 52  0  0  0
20:56:29  4  0      0 1657964  64588 1877644    0    0     0   100 2181 2132 37  2 60  0  0  0
20:56:30  6  0      0 1652964  64588 1877648    0    0     0    11 2394 2654 80  2 18  0  0  0
20:56:31  8  0      0 1670836  64588 1877648    0    0     0     3 2357 2943 93  1  6  0  0  0
20:56:32  7  0      0 1662632  64588 1877728    0    0     0     0 2723 3946 86  1 12  0  0  0
20:56:33  3  0      0 1659028  64588 1877788    0    0     0     3 2344 2490 87  2 11  0  0  0
20:56:34  4  0      0 1665412  64596 1877864    0    0     0    60 2384 2375 61  3 36  0  0  0
20:56:35  5  0      0 1672136  64596 1877916    0    0     0    21 2389 2515 70  2 28  0  0  0
20:56:36  5  0      0 1657420  64596 1877996    0    0     0    15 2585 3120 58  2 40  0  0  0
20:56:37  6  0      0 1640976  64596 1878092    0    0    16    14 2612 3575 89  1  9  0  0  0
20:56:38  8  0      0 1625676  64596 1878104    0    0     0     6 2713 3852 91  2  7  0  0  0
20:56:39  6  0      0 1580852  64604 1878184    0    0     0    91 2510 3289 84  2 14  0  0  0
20:56:40 18  0      0 1587852  64604 1878316    0    0     0     2 2330 3055 96  1  3  0  0  0
20:56:41  4  0      0 1581284  64604 1878280    0    0     0    20 2471 3639 97  1  2  0  0  0
20:56:42  7  0      0 1565720  64604 1878284    0    0     0     9 2465 3069 77  2 21  0  0  0
20:56:43  1  0      0 1563252  64604 1878276    0    0     0     2 2298 2697 54  2 44  0  0  0
20:56:44 10  0      0 1570432  64612 1878276    0    0     0    59 2515 2757 57  2 41  0  0  0
20:56:45  3  0      0 1557444  64612 1878308    0    0     0     1 2205 2777 63  2 35  0  0  0
20:56:46  8  0      0 1559512  64612 1878292    0    0     0     6 2703 3726 81  1 17  0  0  0
20:56:47  6  0      0 1559912  64612 1878296    0    0     0    21 2424 3155 98  1  2  0  0  0
20:56:48 12  0      0 1544564  64612 1878296    0    0     0    10 2605 3475 87  2 12  0  0  0
20:56:49  3  0      0 1536440  64620 1878312    0    0    16   145 2265 2881 89  1 10  0  0  0
20:56:50  9  0      0 1533312  64620 1878296    0    0     0     1 2296 2114 69  2 29  0  0  0
20:56:51  1  0      0 1529780  64620 1878288    0    0    48    23 2480 3075 79  1 20  0  0  0
20:56:52  9  0      0 1534512  64620 1878316    0    0     0     4 2255 2627 73  1 25  0  0  0
20:56:53  1  0      0 1542980  64620 1878308    0    0     0    31 2266 2408 67  3 30  0  0  0
20:56:54  3  0      0 1526852  64628 1878296    0    0     0    64 2277 2357 34  4 62  0  0  0
20:56:55  8  0      0 1527552  64628 1878332    0    0     0     2 2537 3146 84  2 14  0  0  0
20:56:56  1  0      0 1542312  64628 1878328    0    0     0     0 2077 1984 53  2 45  0  0  0
20:56:57  4  0      0 1523544  64628 1878308    0    0    16     3 2411 2975 79  1 20  0  0  0
20:56:58  2  0      0 1525820  64628 1878316    0    0     0     4 2357 2582 54  2 44  0  0  0
20:56:59  6  0      0 1538368  64636 1878316    0    0     0    78 2337 2449 69  2 29  0  0  0
20:57:00 11  0      0 1528400  64636 1878296    0    0     0     3 2479 2840 85  2 13  0  0  0
20:57:01  5  0      0 1528340  64636 1878316    0    0     0     3 2548 3279 97  1  2  0  0  0
20:57:02  6  0      0 1540464  64636 1878316    0    0     0     3 2285 2416 68  3 28  0  0  0
20:57:03  5  0      0 1524428  64636 1878328    0    0     0    12 2584 3258 68  2 30  0  0  0
20:57:04  3  0      0 1528212  64644 1878352    0    0     0    69 2470 2679 42  3 54  0  0  0
20:57:05  9  0      0 1536924  64644 1878352    0    0     0    23 2424 3501 95  1  4  0  0  0
20:57:06  5  0      0 1522212  64644 1878332    0    0    16     5 2446 2900 84  2 14  0  0  0
20:57:07  2  0      0 1524240  64644 1878320    0    0     0     4 2278 2292 43  2 55  0  0  0
20:57:08  2  0      0 1538028  64644 1878316    0    0    16     3 2168 2045 69  2 29  0  0  0
20:57:09  4  0      0 1525448  64652 1878292    0    0     0    62 2433 2536 59  2 38  0  0  0
20:57:10  5  0      0 1525968  64652 1878324    0    0     0    45 2388 2034 57  2 41  0  0  0
20:57:11  2  0      0 1541672  64652 1878316    0    0     0    21 2108 2055 62  2 35  0  0  0
20:57:12  4  0      0 1517648  64652 1878292    0    0     0     3 2800 3318 85  1 13  0  0  0
20:57:13  9  1      0 1523588  64652 1878312    0    0     0     9 2345 2582 60  2 37  0  0  0
20:57:14  3  0      0 1539108  64660 1878312    0    0     0    67 2380 2387 52  3 45  0  0  0
20:57:15  3  0      0 1523524  64660 1878300    0    0     0     6 2424 2823 72  1 27  0  0  0
20:57:16  7  0      0 1524132  64660 1878296    0    0     0    10 2538 2868 86  1 12  0  0  0
20:57:17 12  0      0 1535056  64660 1878324    0    0     0    19 2580 3180 95  1  4  0  0  0
20:57:18  2  0      0 1524148  64660 1878320    0    0    16    12 2762 3495 95  1  5  0  0  0
20:57:19 10  0      0 1528660  64668 1878320    0    0     0   103 2169 2268 50  2 48  0  0  0
20:57:20  9  0      0 1533964  64668 1878344    0    0     0     3 2460 3273 99  1  0  0  0  0
20:57:21  4  0      0 1522420  64668 1878332    0    0     0    14 2455 2847 89  2 10  0  0  0
20:57:22  6  0      0 1528100  64668 1878328    0    0     0    19 2186 1940 70  2 27  0  0  0
20:57:23  4  0      0 1535384  64668 1878344    0    0     0    20 2414 2511 70  3 27  0  0  0
20:57:24  3  0      0 1519424  64676 1878328    0    0     0    56 2542 2634 61  2 37  0  0  0
20:57:25  5  0      0 1523436  64676 1878324    0    0     0     4 2345 3051 35  2 62  0  0  0
20:57:26  7  0      0 1539028  64676 1878348    0    0     0    11 2700 3584 84  1 14  0  0  0
20:57:27 10  0      0 1522844  64676 1878336    0    0     0     9 2354 2803 98  1  1  0  0  0
20:57:28  3  0      0 1522916  64676 1878320    0    0     0     0 2495 2771 90  1  9  0  0  0
20:57:29  5  0      0 1526104  64684 1878352    0    0     0   105 2482 2738 80  2 18  0  0  0
20:57:30 18  0      0 1541500  64684 1878352    0    0     0     3 2512 3434 99  1  1  0  0  0
20:57:31 18  0      0 1515836  64684 1878324    0    0     0     8 2511 3624 99  1  0  0  0  0
20:57:32 10  0      0 1519660  64684 1878356    0    0     0     4 2510 3390 99  1  0  0  0  0
20:57:33  1  0      0 1535904  64684 1878356    0    0     0    21 2036 1785 76  1 22  0  0  0
20:57:34 10  0      0 1515096  64684 1878352    0    0     0     2 2322 2219 65  2 33  0  0  0
20:57:35 10  0      0 1521868  64692 1878372    0    0     0    25 2293 3072 99  1  0  0  0  0
20:57:36  3  0      0 1533816  64692 1878360    0    0     0     4 2477 3208 88  1 11  0  0  0
20:57:37 10  0      0 1516188  64692 1878328    0    0     0     6 2239 2178 71  1 27  0  0  0
20:57:38 15  0      0 1517648  64692 1878356    0    0     0     6 2440 3681 100  0  0  0  0  0
20:57:39 16  0      0 1536880  64692 1878348    0    0     0     8 2394 3428 99  1  0  0  0  0
20:57:40  9  0      0 1523424  64700 1878328    0    0     0    75 2594 3790 99  1  0  0  0  0
20:57:41  4  0      0 1523464  64700 1878348    0    0     0    16 2226 2292 77  2 22  0  0  0
20:57:42  9  0      0 1615708  64700 1877676    0    0     0     3 2184 2631 82  2 16  0  0  0
20:57:43  6  0      0 1606820  64700 1877648    0    0     0     6 2116 2154 70  1 29  0  0  0
20:57:44  9  0      0 1613736  64700 1877648    0    0     0     9 1974 2070 56  2 42  0  0  0
20:57:45  3  0      0 1624052  64708 1877644    0    0     0     9 2160 2464 61  3 35  0  0  0
20:57:46  5  0      0 1610396  64708 1877640    0    0     0     2 2382 2476 76  1 23  0  0  0
20:57:47  6  0      0 1610508  64708 1877640    0    0     0     9 2000 1770 94  1  6  0  0  0
20:57:48  4  0      0 1617812  64708 1877640    0    0    32     2 2080 2136 62  2 35  0  0  0
20:57:49  1  0      0 1604732  64716 1877632    0    0    16    59 1316 1468 19  1 80  0  0  0
20:57:50  1  0      0 1603724  64716 1877640    0    0     0     1 1052 1118 17  0 82  0  0  0
20:57:51  3  0      0 1615524  64716 1877640    0    0     0     0 1301 1404 17  1 82  0  0  0
20:57:52  1  0      0 1589964  64716 1877544    0    0     0     4 2881 3630 20  2 78  0  0  0
20:57:53  0  0      0 1588716  64716 1877544    0    0     0     0  974 1141  6  0 93  0  0  0
20:57:54  0  0      0 1595908  64716 1877544    0    0     0     0 1094 1234  1  0 99  0  0  0
20:57:55  0  0      0 1580264  64724 1877544    0    0     0    36 1430 1917  1  0 98  0  0  0
20:57:56  0  0      0 1576808  64724 1877544    0    0     0     0 1256 1416  1  1 99  0  0  0
20:57:57  0  0      0 1585088  64724 1877544    0    0     0     4 1398 1438  1  2 97  0  0  0
20:57:58  0  0      0 1577084  64724 1877544    0    0     0     0 1246 1415  0  1 99  0  0  0
20:57:59  0  0      0 1576672  64724 1877544    0    0     0     0 1047 1305  1  0 99  0  0  0
20:58:00  0  0      0 1591204  64732 1877548    0    0     0    48 1018 1190  0  1 99  0  0  0
20:58:01  0  0      0 1575568  64732 1877548    0    0     0     8 1061 1164  1  1 99  0  0  0
20:58:02  0  0      0 1572304  64732 1877548    0    0     0     0 1217 1299  1  1 98  0  0  0
20:58:03  0  0      0 1582712  64732 1877548    0    0     0     4  945 1056  0  1 99  0  0  0
20:58:04  0  0      0 1578284  64732 1877548    0    0     0     0 1164 1284  1  1 99  0  0  0
20:58:05  0  0      0 1577660  64740 1877548    0    0     0    60 1246 1703  1  1 98  0  0  0
20:58:06  0  0      0 1581188  64740 1877548    0    0     0     0 1077 1257  1  1 99  0  0  0
20:58:07  0  0      0 1573312  64740 1877552    0    0     0     8 1437 1562  1  1 98  0  0  0
20:58:08  0  0      0 1571344  64740 1877552    0    0     0     0 1544 2112  2  1 98  0  0  0
20:58:09  0  0      0 1586052  64740 1877552    0    0     0     8 1374 1378  1  2 97  0  0  0
20:58:10  0  0      0 1570296  64748 1877552    0    0     0    32 2623 3499  3  2 95  0  0  0
20:58:11  0  0      0 1568552  64748 1877552    0    0     0     0 1023 1231  1  0 99  0  0  0
20:58:12  0  0      0 1576492  64748 1877556    0    0     0     0 1364 1507  1  1 98  0  0  0
20:58:13  0  0      0 1567448  64748 1877556    0    0     0    12 1145 1227  1  1 99  0  0  0
20:58:14  0  0      0 1566880  64748 1877556    0    0     0     0  903 1049  1  0 99  0  0  0
20:58:15  0  0      0 1579852  64756 1877556    0    0     0    64 1545 2151  2  1 97  0  0  0
20:58:16  0  0      0 1565644  64756 1877556    0    0     0     0 1501 1626  1  1 98  0  0  0
20:58:17  0  0      0 1566116  64756 1877556    0    0     0     0 1580 1783  1  1 98  0  0  0
20:58:18  0  0      0 1575968  64756 1877556    0    0     0     0 1720 1952  1  2 97  0  0  0
20:58:19  0  0      0 1559040  64756 1877556    0    0     0     8 1311 1621  1  1 98  0  0  0
20:58:20  0  0      0 1559040  64764 1877556    0    0     0    24  925 1135  1  0 99  0  0  0
20:58:21  0  0      0 1569004  64764 1877556    0    0     0     4 1293 1474  1  1 98  0  0  0
20:58:22  0  0      0 1555456  64764 1877556    0    0     0     0 1181 1430  0  1 99  0  0  0
20:58:23  0  0      0 1557076  64764 1877556    0    0     0     0  997 1292  1  0 99  0  0  0
20:58:24  0  0      0 1567916  64764 1877556    0    0     0     0 1367 1589  1  1 97  0  0  0
20:58:25  0  0      0 1551252  64772 1877556    0    0     0    52 1556 2108  2  1 97  0  0  0
20:58:26  1  0      0 1551528  64772 1877556    0    0     0     0 1541 1710  1  1 98  0  0  0
20:58:27  0  0      0 1576492  64772 1877556    0    0     0     8 1106 1276  1  1 98  0  0  0
20:58:28  0  0      0 1564232  64772 1877556    0    0     0     0 1492 1767  1  1 98  0  0  0
20:58:29  0  0      0 1564464  64772 1877556    0    0     0     0 1328 1566  1  1 98  0  0  0
20:58:30  1  0      0 1575788  64780 1877556    0    0     0    24  879 1231  1  1 99  0  0  0
20:58:31  1  0      0 1575756  64780 1877560    0    0     0    12  726  744  1  0 99  0  0  0
20:58:32  0  0      0 1565832  64780 1877560    0    0     0     0 1117 1274  1  1 99  0  0  0
20:58:33  0  0      0 1565580  64780 1877560    0    0     0     8  777  961  1  0 99  0  0  0
20:58:34  2  0      0 1574160  64780 1877560    0    0     0     0 1451 1703  2  1 97  0  0  0
20:58:35  0  0      0 1566180  64788 1877560    0    0     0    76 1484 1951  1  1 98  0  0  0
20:58:36  0  0      0 1564300  64788 1877560    0    0     0     0 1476 2013  2  1 98  0  0  0
20:58:37  0  0      0 1580752  64788 1877560    0    0     0     8 1330 1516  1  2 98  0  0  0
20:58:38  0  0      0 1569680  64788 1877560    0    0     0     0 1417 1594  1  1 98  0  0  0
20:58:39  0  0      0 1572620  64788 1877560    0    0     0     4 1171 1332  1  1 98  0  0  0
20:58:40  0  0      0 1586032  64796 1877560    0    0     0    24 1247 1444  1  1 98  0  0  0
20:58:41  0  0      0 1569504  64796 1877560    0    0     0     0 1302 1526  1  1 98  0  0  0
20:58:42  0  0      0 1567296  64796 1877560    0    0     0     8 1219 1371  1  1 98  0  0  0
20:58:43  0  0      0 1581852  64796 1877560    0    0     0     0 1258 1437  1  1 98  0  0  0
20:58:44  0  0      0 1565556  64796 1877560    0    0     0     4 1930 2307  1  2 97  0  0  0
20:58:45  0  0      0 1565556  64804 1877560    0    0     0    36  964 1239  1  0 99  0  0  0
20:58:46  0  0      0 1579192  64804 1877560    0    0     0     0 1210 1408  1  1 98  0  0  0
20:58:47  0  0      0 1565960  64804 1877560    0    0     0     0 1143 1259  1  1 99  0  0  0
20:58:48  0  0      0 1565712  64804 1877560    0    0     0     8  835 1004  1  0 99  0  0  0
20:58:49  0  0      0 1574484  64804 1877560    0    0     0     0 1379 1522  1  1 98  0  0  0
20:58:50  0  0      0 1564528  64812 1877560    0    0     0    28 1182 1376  1  1 99  0  0  0
20:58:51  0  0      0 1563772  64812 1877560    0    0     0     0  817  971  0  0 100  0  0  0
20:58:52  0  0      0 1580284  64812 1877560    0    0     0     0 1050 1231  1  1 98  0  0  0
20:58:53  0  0      0 1570360  64812 1877560    0    0     0     0 1133 1370  1  1 99  0  0  0
20:58:54  0  0      0 1570360  64812 1877560    0    0     0     8 1210 1656  1  0 98  0  0  0
20:58:55  0  0      0 1578752  64820 1877560    0    0     0    28 1232 1513  1  1 98  0  0  0
20:58:56  0  0      0 1571852  64820 1877560    0    0     0     0 1119 1253  0  1 99  0  0  0
20:58:58  1  0      0 1583488  64820 1877560    0    0     0     0  619  699  1  0 99  0  0  0
20:58:59  0  0      0 1569216  64820 1877560    0    0     0     0  909 1122  1  0 99  0  0  0
20:59:00  0  0      0 1568964  64828 1877560    0    0     0    28  981 1158  1  1 99  0  0  0
20:59:01  0  0      0 1580116  64828 1877560    0    0     0     0 1104 1321  1  1 98  0  0  0
20:59:02  0  0      0 1575296  64828 1877560    0    0     0     0 1132 1281  1  0 99  0  0  0
20:59:03  0  0      0 1574792  64828 1877560    0    0     0     0  916 1071  0  0 99  0  0  0
20:59:04  0  0      0 1585608  64828 1877560    0    0     0     0 1053 1232  1  1 98  0  0  0
20:59:05  0  0      0 1573912  64836 1877560    0    0     0    36 1483 1999  2  1 97  0  0  0
20:59:06  1  0      0 1573912  64836 1877560    0    0     0     0  951 1180  1  1 99  0  0  0
20:59:07  0  0      0 1577400  64836 1877560    0    0     0     0 1029 1160  1  1 98  0  0  0
20:59:08  0  0      0 1567476  64836 1877560    0    0     0     0 1008 1124  1  1 99  0  0  0
20:59:09  0  0      0 1567224  64836 1877560    0    0     0     0  849  997  0  0 99  0  0  0
20:59:10  0  0      0 1580328  64844 1877560    0    0     0    24 1086 1171  0  1 99  0  0  0
20:59:11  0  0      0 1576824  64844 1877560    0    0     0     8 1066 1206  0  1 99  0  0  0
20:59:12  0  0      0 1576572  64844 1877560    0    0     0     0  898 1033  0  0 99  0  0  0
20:59:13  0  0      0 1585368  64844 1877560    0    0     0     0 1081 1184  1  1 98  0  0  0
20:59:14  0  0      0 1578028  64844 1877560    0    0     0     0 1066 1178  0  1 99  0  0  0
20:59:15  0  0      0 1577524  64852 1877564    0    0     0    32 1223 1796  1  0 98  0  0  0
20:59:16  0  0      0 1581636  64908 1877516    0    0     0   192 1477 1733  0  1 98  1  0  0
20:59:17  0  0      0 1575084  64908 1877564    0    0     0    12 1178 1250  1  1 99  0  0  0
20:59:18  0  0      0 1570988  64908 1877564    0    0     0     0  961 1154  1  1 99  0  0  0
20:59:19  0  0      0 1581904  64908 1877564    0    0     0     0 1067 1211  1  1 98  0  0  0
20:59:20  0  0      0 1571844  64908 1877564    0    0     0     0 1399 1521  1  1 98  0  0  0
20:59:21  0  0      0 1571844  64908 1877564    0    0     0    60  995 1184  1  0 99  0  0  0
20:59:22  0  0      0 1583732  64916 1877568    0    0     0     8 1221 1389  0  1 98  0  0  0
20:59:23  0  0      0 1573052  64916 1877568    0    0     0     8 1175 1394  0  1 99  0  0  0
20:59:24  0  0      0 1573052  64916 1877568    0    0     0     0  996 1181  0  1 99  0  0  0
20:59:25  0  0      0 1586224  64916 1877572    0    0     0     0 1481 1968  1  1 97  0  0  0
20:59:26  0  0      0 1571668  64916 1877572    0    0     0     0 1077 1250  1  1 99  0  0  0
20:59:27  0  0      0 1571416  64924 1877572    0    0     0    56  909 1109  1  1 99  0  0  0
20:59:28  0  0      0 1585600  64924 1877572    0    0     0     0 1056 1278  1  1 98  0  0  0
20:59:29  0  0      0 1570852  64924 1877572    0    0     0     8 1093 1263  1  1 99  0  0  0
20:59:30  0  0      0 1570600  64924 1877572    0    0     0     0  939 1111  1  0 99  0  0  0
20:59:31  0  0      0 1587200  64924 1877572    0    0     0     0 1104 1261  1  1 98  0  0  0
20:59:32  0  0      0 1574872  64932 1877572    0    0     0    64 1173 1328  1  1 99  0  0  0
20:59:33  0  0      0 1574620  64932 1877572    0    0     0     0  923 1089  1  0 99  0  0  0
20:59:34  0  0      0 1585696  64932 1877572    0    0     0     0 1153 1312  1  1 98  0  0  0
20:59:35  0  0      0 1577752  64932 1877572    0    0     0     8 1471 2031  2  1 98  0  0  0
20:59:36  0  0      0 1577316  64932 1877572    0    0     0     0 1017 1201  1  0 99  0  0  0
20:59:37  0  0      0 1581752  64940 1877572    0    0     0    28 1313 1488  1  1 98  0  0  0
