# timestamp  r  b  swpd  free  buff  cache  si  so  bi  bo  in  cs  us  sy  id  wa  st
21:04:50  0  0      0 1671692  65464 1880756    0    0     0    32 1026 1131  1  1 99  0  0  0
21:04:51  0  0      0 1671440  65464 1880764    0    0     0    12  894 1066  1  0 99  0  0  0
21:04:52  1  0      0 1675320  65464 1880756    0    0     0     0  995 1077  2  1 97  0  0  0
21:04:53  3  0      0 1617968  65464 1899196    0    0     0    88 6709 11812 27  6 67  0  0  0
21:04:54 13  0      0 1536200  65464 1951852    0    0     8   256 9852 19578 47 13 40  0  0  0
21:04:55 14  0      0 1480664  65472 1997448    0    0     0   212 7094 14659 54 10 36  1  0  0
21:04:56  3  0      0 1473884  65472 2001472    0    0     8   120 3767 5765 53  8 39  0  0  0
21:04:57  4  0      0 1484788  65472 2001528    0    0     0   160 3517 5250 46  7 47  0  0  0
21:04:58  1  0      0 1500136  65472 2001444    0    0     8    72 3655 5081 41  7 52  0  0  0
21:04:59  3  0      0 1476584  65472 2001680    0    0     0    80 3581 4410 48  8 44  0  0  0
21:05:00 14  0      0 1493936  65480 2001600    0    0     0   120 3213 4147 40  6 54  0  0  0
21:05:01 14  1      0 1475516  65488 2002340    0    0     0   152 3375 4678 44  7 49  0  0  0
21:05:02  1  0      0 1483560  65488 2001776    0    0     8    64 3661 5125 42  7 51  0  0  0
21:05:03  4  0      0 1471504  65488 2001948    0    0     0    20 3307 4238 33  6 61  0  0  0
21:05:04  4  0      0 1490812  65488 2001996    0    0     0    56 2820 3840 39  7 54  0  0  0
21:05:05  4  0      0 1473984  65488 2002076    0    0     0    40 3488 4719 44  6 50  0  0  0
21:05:06  2  0      0 1468620  65496 2001932    0    0     0   260 3246 4492 45  7 48  0  0  0
21:05:07  3  0      0 1489596  65496 2002060    0    0     0    64 2994 3672 38  7 54  0  0  0
21:05:08  7  0      0 1447780  65496 2003408    0    0     0    32 3517 5265 47  8 45  0  0  0
21:05:09  9  0      0 1425108  65496 2003992    0    0     8    72 3465 5116 46  6 48  0  0  0
21:05:10  5  0      0 1444536  65496 2004168    0    0     0    80 3411 4870 47  7 46  0  0  0
21:05:11  7  0      0 1414792  65504 2004372    0    0     8   140 3444 4831 48  6 46  0  0  0
21:05:12  1  0      0 1437716  65504 2004328    0    0     0    32 3218 4425 40  7 53  0  0  0
21:05:13  9  0      0 1429796  65504 2004656    0    0     0    24 3251 4445 41  6 53  0  0  0
21:05:14  2  0      0 1425428  65504 2004656    0    0    16    64 2904 4008 38  5 57  0  0  0
21:05:15  6  0      0 1425556  65504 2004656    0    0     0    72 3119 4610 38  5 57  0  0  0
21:05:16  1  0      0 1435572  65512 2004452    0    0     0   124 3417 5119 47  7 46  0  0  0
21:05:17 10  0      0 1415248  65512 2005056    0    0     0    40 3226 4619 47  6 46  0  0  0
21:05:18 10  0      0 1414328  65512 2005048    0    0     0    80 2896 4304 52  5 42  0  0  0
21:05:19  1  0      0 1438176  65512 2004576    0    0     0    40 3060 4444 47  6 47  0  0  0
21:05:20  1  0      0 1424216  65512 2004640    0    0     0    32 2900 3964 37  5 57  0  0  0
21:05:21  3  0      0 1422416  65520 2004620    0    0     0   124 2823 3707 40  6 54  0  0  0
21:05:22  9  0      0 1448480  65520 2005280    0    0     0    52 2769 3678 44  5 51  0  0  0
21:05:23  1  0      0 1424776  65520 2004712    0    0     0    32 3093 4432 47  6 47  0  0  0
21:05:24  1  0      0 1413364  65520 2004772    0    0     8    40 2811 4084 50  4 46  0  0  0
21:05:25  1  0      0 1428908  65520 2004968    0    0    24    80 2931 4522 44  5 50  0  0  0
21:05:26 11  0      0 1407800  65528 2005560    0    0     8   116 3395 5126 60  8 32  0  0  0
21:05:27  4  0      0 1422096  65528 2005208    0    0     0    40 3478 4980 44  7 49  0  0  0
21:05:28  2  0      0 1420584  65528 2005244    0    0    16    48 2831 3730 49  6 45  0  0  0
21:05:29  1  0      0 1423208  65528 2005252    0    0     0    64 3220 4152 38  6 57  0  0  0
21:05:30  1  0      0 1431112  65528 2005272    0    0     0    32 2954 4019 48  6 46  0  0  0
21:05:31  5  0      0 1434780  65536 2005512    0    0     0   228 3345 4668 46  7 46  0  0  0
21:05:32  1  0      0 1432600  65536 2005384    0    0     0    40 3226 4025 34  5 61  0  0  0
21:05:33  1  0      0 1415092  65536 2005512    0    0     8    56 2901 3677 39  5 55  0  0  0
21:05:34  1  0      0 1439364  65536 2005532    0    0     0    72 3021 3818 39  7 54  0  0  0
21:05:35  2  0      0 1421592  65536 2005732    0    0     0    36 3360 4883 47  6 47  0  0  0
21:05:36  7  0      0 1402800  65544 2005840    0    0     0    80 2882 3703 41  6 52  0  0  0
21:05:37 12  0      0 1425684  65544 2006136    0    0     0    16 2764 3810 36  5 59  0  0  0
21:05:38  2  0      0 1410632  65544 2005544    0    0     0    24 2680 3850 38  5 58  0  0  0
21:05:39  1  0      0 1398088  65544 2005652    0    0    16   160 2598 3551 41  5 53  0  0  0
21:05:40 10  0      0 1414936  65544 2006096    0    0     0    36 2531 3570 44  4 52  0  0  0
21:05:41  1  0      0 1412028  65552 2005680    0    0     0   132 2809 3533 41  5 54  0  0  0
21:05:42  1  0      0 1396220  65552 2005708    0    0     0    24 2582 3989 49  4 47  0  0  0
21:05:43  1  0      0 1406556  65552 2005816    0    0     0    40 2865 3966 44  6 51  0  0  0
21:05:44  1  0      0 1409296  65552 2005892    0    0     0    80 3048 4602 42  6 53  0  0  0
21:05:45 12  0      0 1413680  65552 2006360    0    0     0    16 3092 4685 42  5 53  0  0  0
21:05:46  7  0      0 1415540  65560 2006292    0    0     0    92 2934 3900 48  7 45  0  0  0
21:05:47  1  0      0 1396012  65560 2006104    0    0     0    48 3121 4109 44  5 50  0  0  0
21:05:48  1  0      0 1402220  65560 2006176    0    0     0     8 2977 4027 38  4 57  0  0  0
21:05:49  1  0      0 1409864  65560 2006228    0    0     0    80 2969 4050 40  5 54  0  0  0
21:05:50 10  0      0 1378420  65560 2006916    0    0     8    56 3322 5212 42  5 53  0  0  0
21:05:51 11  0      0 1392800  65568 2006628    0    0     0   156 3099 4293 40  6 54  0  0  0
21:05:52 12  0      0 1381148  65568 2007128    0    0     0    56 2571 3435 33  5 62  0  0  0
21:05:53  1  0      0 1372772  65568 2006392    0    0     0    24 2862 3951 44  4 52  0  0  0
21:05:54  2  0      0 1367296  65568 2006692    0    0    16    88 2992 3925 34  5 61  0  0  0
21:05:55 12  0      0 1387852  65568 2007084    0    0     0    56 2858 4154 46  6 48  0  0  0
21:05:56 10  0      0 1403128  65576 2007332    0    0     8   128 2914 3975 37  6 57  0  0  0
21:05:57  1  0      0 1378132  65576 2006756    0    0     0    32 3176 4491 41  5 54  0  0  0
21:05:58  1  0      0 1392164  65576 2006832    0    0     8    84 2786 3785 48  5 47  0  0  0
21:05:59  1  0      0 1402464  65576 2006884    0    0     0    32 2671 3889 35  4 61  0  0  0
21:06:00  1  0      0 1369468  65576 2007036    0    0     0    24 3109 4297 45  5 50  0  0  0
21:06:01  1  0      0 1382880  65584 2006904    0    0     0   132 2854 3829 43  5 52  0  0  0
21:06:02  6  0      0 1378564  65584 2007232    0    0     0    32 2908 3981 38  7 55  0  0  0
21:06:03 13  1      0 1397460  65584 2007140    0    0    24    32 3148 3841 34  6 60  0  0  0
21:06:04 12  0      0 1373832  65584 2007476    0    0     0    80 2845 3636 35  4 60  0  0  0
21:06:05  1  0      0 1385984  65584 2007204    0    0     0    76 2998 4320 33  4 62  0  0  0
21:06:06  5  0      0 1373368  65592 2007292    0    0    16   148 3048 3929 42  5 53  0  0  0
21:06:07 12  0      0 1371324  65592 2007752    0    0     0     8 2765 3447 51  6 44  0  0  0
21:06:08  4  0      0 1393668  65592 2007300    0    0     0    32 2771 3475 34  5 62  0  0  0
21:06:09  1  0      0 1382924  65592 2007200    0    0     0    40 2987 4261 41  4 54  0  0  0
21:06:10  1  0      0 1379620  65592 2007344    0    0     0    64 3050 4211 39  6 54  0  0  0
21:06:11  4  0      0 1394004  65604 2007372    0    0     0   196 2902 4118 44  5 51  0  0  0
21:06:12  1  0      0 1381380  65604 2007276    0    0     0    80 3166 3846 34  6 60  0  0  0
21:06:13 12  0      0 1371680  65604 2007772    0    0     0    32 3016 4189 47  6 48  0  0  0
21:06:14  1  0      0 1390100  65604 2007312    0    0     0    24 2977 4145 40  5 55  0  0  0
21:06:15  1  0      0 1360224  65604 2007548    0    0     8    32 3243 5175 51  6 43  0  0  0
21:06:16  4  0      0 1366160  65612 2007668    0    0     0   104 2847 3966 38  5 56  0  0  0
21:06:17  2  0      0 1381272  65612 2007516    0    0     0     8 2774 3656 41  6 53  0  0  0
21:06:18 14  0      0 1368272  65612 2008332    0    0     0    96 3019 4599 48  6 45  0  0  0
21:06:19  7  0      0 1379852  65612 2007680    0    0     0     8 2741 3979 47  5 48  0  0  0
21:06:20  1  0      0 1391812  65612 2007420    0    0     0    72 2423 2928 30  5 65  0  0  0
21:06:21  1  0      0 1360072  65620 2007592    0    0     8   120 2914 3739 38  5 57  0  0  0
21:06:22  2  0      0 1372912  65620 2007800    0    0     0    56 2946 4369 58  6 36  0  0  0
21:06:23  1  0      0 1378756  65620 2007496    0    0     0    40 2990 4449 47  5 47  0  0  0
21:06:24  1  0      0 1370376  65620 2007520    0    0     0    16 2971 4507 48  5 47  0  0  0
21:06:25  9  0      0 1377092  65620 2008000    0    0     0   128 2767 4216 34  6 60  0  0  0
21:06:26 18  0      0 1381780  65628 2008728    0    0     0   160 2965 4313 55  6 39  0  0  0
21:06:27  7  0      0 1372544  65628 2008000    0    0     0    64 3116 4784 52  6 41  0  0  0
21:06:28  8  0      0 1383504  65628 2007860    0    0     0    28 2743 3442 41  6 53  0  0  0
21:06:29  1  0      0 1383456  65628 2007584    0    0     0    56 3087 4015 38  6 56  0  0  0
21:06:30 12  0      0 1374212  65628 2008204    0    0     0    72 3249 4552 39  7 55  0  0  0
21:06:31  1  0      0 1386216  65636 2007652    0    0     0   104 2579 3550 41  6 53  0  0  0
21:06:32  1  0      0 1406116  65636 2007644    0    0     0    40 2816 4055 31  5 64  0  0  0
21:06:33  8  0      0 1365144  65636 2008100    0    0     0    24 3138 4854 47  5 48  0  0  0
21:06:34  1  0      0 1373452  65636 2007656    0    0     0    40 2900 4173 41  6 53  0  0  0
21:06:35  4  0      0 1390740  65636 2007780    0    0     0    16 3514 5679 46  7 47  0  0  0
21:06:36  5  0      0 1388580  65644 2007908    0    0     0   148 3086 4227 39  6 56  0  0  0
21:06:37 15  0      0 1376936  65644 2008668    0    0     0    24 2846 3862 42  6 52  0  0  0
21:06:38  4  0      0 1381848  65644 2007832    0    0     0    16 3189 4592 50  6 44  0  0  0
21:06:39  1  0      0 1375460  65644 2007644    0    0     0     8 3122 4114 37  5 58  0  0  0
21:06:40  1  0      0 1383184  65644 2007740    0    0     8   128 2843 4065 37  5 58  0  0  0
21:06:41  1  0      0 1400124  65652 2007736    0    0     0   140 2812 3709 32  5 63  0  0  0
21:06:42  2  0      0 1381916  65652 2007776    0    0     0     8 2910 3705 46  5 49  0  0  0
21:06:43  1  0      0 1385500  65652 2007764    0    0     0    24 3274 4687 39  6 55  0  0  0
21:06:44  7  0      0 1397624  65652 2008068    0    0     0    40 2811 3931 29  6 65  0  0  0
21:06:45  1  0      0 1382372  65652 2007788    0    0     0    16 3008 4397 36  4 60  0  0  0
21:06:46  1  0      0 1383280  65660 2007828    0    0    16   216 3011 4247 41  7 52  0  0  0
21:06:47 15  0      0 1373136  65660 2008104    0    0     0    16 2799 3818 38  6 56  0  0  0
21:06:48  1  0      0 1374680  65660 2008008    0    0     0    16 2757 3848 39  4 56  0  0  0
21:06:49  8  0      0 1366184  65660 2008256    0    0     0    40 2752 3766 42  6 52  0  0  0
21:06:50  1  0      0 1382416  65660 2007976    0    0     0    48 2738 3768 39  5 57  0  0  0
21:06:51  3  0      0 1376088  65668 2007992    0    0     0   152 2927 4165 39  7 54  0  0  0
21:06:52  8  0      0 1378220  65668 2008324    0    0     0    36 2895 4098 49  6 46  0  0  0
21:06:53  1  0      0 1459912  65668 2007292    0    0     0    48 2449 3292 37  4 59  0  0  0
21:06:54  1  0      0 1457896  65668 2007360    0    0     0    96 2332 3205 31  3 65  0  0  0
21:06:55  4  0      0 1446780  65668 2007752    0    0     0    32 2726 4444 52  5 42  0  0  0
21:06:56  1  0      0 1447836  65680 2007396    0    0     0   168 2350 3243 38  5 57  0  0  0
21:06:57  1  0      0 1437640  65680 2007328    0    0     0    36 2512 3392 39  6 55  0  0  0
21:06:58  1  0      0 1450416  65680 2007368    0    0     0    40 2484 3582 43  6 50  0  0  0
21:06:59  2  0      0 1444364  65680 2007380    0    0     0    64 2558 3625 37  5 59  0  0  0
21:07:00  1  0      0 1443920  65680 2007412    0    0     0    88 2558 3702 32  4 64  0  0  0
21:07:01 12  0      0 1444892  65692 2008048    0    0     0   132 2836 4058 51  5 44  0  0  0
21:07:02  1  0      0 1467480  65692 2007456    0    0     0     0 2517 3829 43  4 53  0  0  0
21:07:03  0  0      0 1458904  65692 2007456    0    0     0     0 1208 1307  4  1 95  0  0  0
21:07:04  0  0      0 1458808  65692 2007456    0    0     0     0  843 1065  0  0 100  0  0  0
21:07:05  1  0      0 1467268  65692 2007456    0    0     0     8 1277 1712  1  1 98  0  0  0
21:07:06  0  0      0 1467892  65692 2007456    0    0     0     0  704  739  0  0 99  0  0  0
21:07:07  0  0      0 1466580  65700 2007456    0    0     0    48 1052 1219  1  0 99  0  0  0
21:07:08  0  0      0 1465320  65700 2007456    0    0     0     0  818  944  1  0 99  0  0  0
21:07:09  0  0      0 1470428  65700 2007456    0    0     0     0 1859 2635  2  1 97  0  0  0
21:07:10  0  0      0 1460144  65700 2007456    0    0     0     0  918 1073  0  1 99  0  0  0
21:07:11  0  0      0 1460144  65700 2007456    0    0     0     0  819  987  0  0 99  0  0  0
21:07:12  0  0      0 1466176  65708 2007448    0    0     0    28  949 1063  1  1 99  0  0  0
21:07:13  0  0      0 1455312  65708 2007456    0    0     0     8  978 1118  1  1 99  0  0  0
21:07:14  0  0      0 1455060  65708 2007456    0    0     0     0  793  932  0  0 99  0  0  0
21:07:15  0  0      0 1462036  65708 2007456    0    0     0     0 2468 3986  3  2 95  0  0  0
21:07:16  0  0      0 1454380  65708 2007460    0    0     0     0 1519 1746  1  1 98  0  0  0
21:07:17  0  0      0 1453780  65716 2007460    0    0     0    32 1048 1250  1  1 99  0  0  0
21:07:18  0  0      0 1465424  65716 2007464    0    0     0     0 1101 1301  0  1 99  0  0  0
21:07:19  0  0      0 1453192  65716 2007464    0    0     0    12 1125 1250  1  1 98  0  0  0
21:07:20  1  0      0 1433444  65716 2007464    0    0     0     8 2237 2612  3  2 95  0  0  0
21:07:21  0  0      0 1385644  65716 2007468    0    0     0     0 5122 2747 18  3 79  0  0  0
21:07:22  0  0      0 1371660  65724 2007468    0    0     0    96 1325 1478  1  1 98  0  0  0
21:07:23  0  0      0 1370756  65724 2007468    0    0     0     0 1742 2239  2  1 97  0  0  0
21:07:24  0  0      0 1383172  65724 2007468    0    0     0     0 1237 1449  1  1 98  0  0  0
21:07:25  0  0      0 1373784  65724 2007468    0    0     0    20 2196 2779  2  2 96  0  0  0
21:07:26  0  0      0 1373532  65724 2007468    0    0     0     0 1373 1776  1  1 98  0  0  0
21:07:27  0  0      0 1382956  65732 2007484    0    0     0   124 2097 2680  1  2 96  0  0  0
21:07:28  0  0      0 1365640  65732 2007484    0    0     0     0 1924 2322  2  1 97  0  0  0
21:07:30  0  0      0 1364988  65732 2007484    0    0     0     0 1158 1306  1  1 98  0  0  0
21:07:31  0  0      0 1385864  65732 2007484    0    0     0     4 2452 2009  1  2 97  0  0  0
21:07:32  0  0      0 1372808  65732 2007484    0    0     0     8 1471 1569  1  1 98  0  0  0
21:07:33  0  0      0 1372216  65740 2007492    0    0     0    20 1170 1344  1  1 99  0  0  0
21:07:34  0  0      0 1388920  65740 2007500    0    0     0     0 1141 1278  1  1 98  0  0  0
21:07:35  0  0      0 1375188  65740 2007516    0    0     0     0 1068 1259  1  1 99  0  0  0
21:07:36  0  0      0 1374444  65740 2007516    0    0     0     0 1579 2020  2  1 97  0  0  0
21:07:37  0  0      0 1388240  65740 2007500    0    0     0     4 1315 1529  1  1 98  0  0  0
21:07:38  0  0      0 1371784  65748 2007500    0    0     0    36 1244 1404  1  1 98  0  0  0
21:07:39  0  0      0 1372036  65748 2007500    0    0     0     0 1041 1269  1  0 99  0  0  0
21:07:40  0  0      0 1385060  65748 2007484    0    0     0     0 1201 1436  1  1 99  0  0  0
21:07:41  0  0      0 1370696  65748 2007484    0    0     0     0 1469 1681  1  1 98  0  0  0
21:07:42  0  0      0 1370304  65748 2007484    0    0     0     0 1016 1241  1  1 99  0  0  0
21:07:43  0  0      0 1383224  65756 2007480    0    0     0    36 1304 1450  1  1 98  0  0  0
21:07:44  0  0      0 1366276  65756 2007488    0    0     0     0 1335 1596  1  1 99  0  0  0
21:07:45  1  0      0 1365016  65756 2007488    0    0     0     0 1248 1805  1  1 98  0  0  0
21:07:46  1  0      0 1369812  65756 2007488    0    0     0     0 5585 8756  8  4 89  0  0  0
21:07:47  1  0      0 1349044  65756 2007488    0    0     0     0 3813 6229  4  1 95  0  0  0
21:07:48  0  0      0 1349960  65764 2007488    0    0     0    44 2301 3495  2  1 96  0  0  0
21:07:49  0  0      0 1364068  65764 2007488    0    0     0    12 2187 3199  2  1 97  0  0  0
21:07:50  0  0      0 1350088  65764 2007488    0    0     0     0 3207 4891  3  1 96  0  0  0
21:07:51  1  0      0 1340596  65764 2007488    0    0     0     0 2776 4060  3  2 95  0  0  0
21:07:52  0  0      0 1349308  65764 2007488    0    0     0     0 1913 2645  1  1 97  0  0  0
21:07:53  0  0      0 1336328  65772 2007480    0    0     0    20 2157 3152  2  0 98  0  0  0
21:07:54  0  0      0 1335588  65772 2007488    0    0     0     8 1343 1770  1  1 98  0  0  0
21:07:55  0  0      0 1344308  65772 2007488    0    0     0     4 1977 2710  2  1 97  0  0  0
21:07:56  0  0      0 1332708  65772 2007488    0    0     0     0 2004 2433  2  2 96  0  0  0
21:07:57  0  0      0 1330700  65772 2007488    0    0     0     0 2083 2855  2  1 98  0  0  0
21:07:58  0  0      0 1335148  65780 2007488    0    0     0    28 2169 2836  4  2 94  0  0  0
21:07:59  0  0      0 1331032  65780 2007488    0    0     0     0 2184 2921  2  2 97  0  0  0
21:08:00  0  0      0 1330616  65780 2007488    0    0     0     8 1399 1740  1  0 99  0  0  0
21:08:01  0  0      0 1341536  65780 2007492    0    0     0     4 1429 1592  1  2 97  0  0  0
21:08:02  0  0      0 1330868  65780 2007492    0    0     0     0 1206 1272  0  1 99  0  0  0
21:08:03  0  0      0 1332824  65788 2007492    0    0     0    20  817  938  0  0 99  0  0  0
21:08:04  1  0      0 1343272  65788 2007508    0    0     0     0 2229 3076  2  2 96  0  0  0
21:08:05  0  0      0 1334324  65788 2007508    0    0     0     0 2241 3055  2  1 97  0  0  0
21:08:06  0  0      0 1327232  65788 2007508    0    0     0    20 2474 3446  4  1 95  0  0  0
21:08:07  0  0      0 1333876  65788 2007492    0    0     0     0 1234 1429  1  1 98  0  0  0
21:08:08  0  0      0 1322028  65796 2007484    0    0     0    64 2162 2959  2  1 97  0  0  0
21:08:09  0  0      0 1321776  65796 2007492    0    0     0     0  922 1091  1  1 99  0  0  0
21:08:10  0  0      0 1334384  65796 2007508    0    0     0     0 2145 3209  2  1 97  0  0  0
21:08:11  0  0      0 1370328  65796 2007508    0    0     0     0 4359 6600  6  3 91  0  0  0
21:08:12  0  0      0 1365536  65796 2007508    0    0     0    16 4440 6908  5  2 93  0  0  0
21:08:13  0  0      0 1376740  65804 2007508    0    0     0    28 1456 1844  2  1 97  0  0  0
21:08:14  0  0      0 1367408  65804 2007492    0    0     0     0 1756 2197  1  1 98  0  0  0
21:08:15  1  0      0 1366464  65804 2007496    0    0     0     0 1296 1468  1  1 98  0  0  0
21:08:16  0  0      0 1375108  65804 2007512    0    0     0     0 2158 2750  2  2 96  0  0  0
21:08:17  0  0      0 1358504  65804 2007512    0    0     0     0 1613 1763  1  1 98  0  0  0
21:08:18  0  0      0 1358504  65816 2007508    0    0     0    56  981 1127  0  0 99  0  0  0
21:08:19  0  0      0 1378056  65816 2007512    0    0     0     0  973 1149  1  1 99  0  0  0
21:08:20  6  0      0 1368592  65816 2007512    0    0     0     0  932 1111  1  1 99  0  0  0
21:08:21  0  0      0 1368788  65816 2007512    0    0     0     0  991 1089  1  1 98  0  0  0
21:08:22  0  0      0 1368536  65816 2007512    0    0     0     0 1105 1133  1  1 99  0  0  0
21:08:23  1  0      0 1381084  65824 2007512    0    0     0    48  941 1018  1  1 98  0  0  0
21:08:24  0  0      0 1356824  65824 2007512    0    0     0     8 1053 1239  1  1 99  0  0  0
21:08:25  3  0      0 1356572  65824 2007512    0    0     0     0 1093 1462  1  1 99  0  0  0
21:08:26  1  0      0 1372256  65824 2007500    0    0     0     0 1648 1972  4  2 95  0  0  0
21:08:27  0  0      0 1371828  65824 2007500    0    0     0     0 1234 1345  1  1 99  0  0  0
21:08:28  0  0      0 1371576  65832 2007500    0    0     0    48 1205 1561  1  1 98  0  0  0
21:08:29  0  0      0 1390224  65832 2007500    0    0     0    12 1383 1577  1  1 98  0  0  0
21:08:30  0  0      0 1375168  65832 2007500    0    0     0     8 1205 1344  1  1 99  0  0  0
21:08:31  0  0      0 1371068  65832 2007500    0    0     0     0 1257 1460  1  1 98  0  0  0
21:08:32  0  0      0 1387252  65832 2007500    0    0     0     0 1243 1479  1  1 98  0  0  0
21:08:33  0  0      0 1375280  65840 2007500    0    0     0    44 1239 1421  1  1 98  0  0  0
21:08:34  0  0      0 1374776  65840 2007500    0    0     0     8  981 1155  1  1 99  0  0  0
21:08:35  0  0      0 1388048  65840 2007504    0    0     0     0 1568 1926  2  1 96  0  0  0
21:08:36  0  0      0 1371480  65840 2007504    0    0     0     4 1650 2063  1  2 97  0  0  0
21:08:37  0  0      0 1371732  65840 2007504    0    0     0     0 1011 1196  1  0 99  0  0  0
21:08:38  0  0      0 1386320  65848 2007504    0    0     0    48 1313 1490  1  1 98  0  0  0
21:08:39  0  0      0 1382732  65848 2007504    0    0     0     0 1087 1334  1  1 99  0  0  0
21:08:40  0  0      0 1382732  65848 2007504    0    0     0    12 1045 1283  1  1 99  0  0  0
21:08:41  0  0      0 1391220  65848 2007508    0    0     0     0 1329 1603  1  2 97  0  0  0
21:08:42  0  0      0 1376664  65848 2007508    0    0     0    12 1153 1356  1  0 99  0  0  0
21:08:43  0  0      0 1375660  65856 2007512    0    0     0    40  987 1173  0  0 99  0  0  0
21:08:44  0  0      0 1383852  65856 2007512    0    0     0     0 1298 1463  1  1 98  0  0  0
21:08:45  0  0      0 1369044  65856 2007512    0    0     0     0 1617 2018  1  1 98  0  0  0
21:08:46  0  0      0 1369480  65856 2007512    0    0     0     8 1385 1710  1  1 98  0  0  0
21:08:47  0  0      0 1382268  65856 2007512    0    0     0     8 1199 1348  1  1 98  0  0  0
21:08:48  0  0      0 1369224  65864 2007512    0    0     0    48 1121 1231  1  1 98  0  0  0
21:08:49  0  0      0 1369476  65864 2007512    0    0     0     0 1080 1263  1  1 99  0  0  0
21:08:50  0  0      0 1382928  65864 2007512    0    0     0     0 1195 1321  1  1 98  0  0  0
21:08:51  0  0      0 1370960  65864 2007512    0    0     0     0 1779 1940  1  1 98  0  0  0
21:08:52  0  0      0 1370712  65864 2007512    0    0     0     8 1407 1571  1  0 99  0  0  0
21:08:53  0  0      0 1381208  65872 2007512    0    0     0    28 1760 1954  1  1 98  0  0  0
21:08:54  0  0      0 1373016  65872 2007512    0    0     0     0 1294 1401  1  1 99  0  0  0
21:08:55  1  0      0 1373016  65872 2007512    0    0     0     0 1594 2162  1  1 98  0  0  0
21:08:56  0  0      0 1383808  65872 2007512    0    0     0     0 1800 2068  1  2 97  0  0  0
21:08:57  0  0      0 1371332  65872 2007516    0    0     0     0 1516 1691  1  0 99  0  0  0
21:08:58  0  0      0 1371080  65880 2007516    0    0     0    36 1007 1192  1  1 99  0  0  0
21:08:59  0  0      0 1381300  65880 2007516    0    0     0    12 1485 1682  1  1 98  0  0  0
21:09:00  0  0      0 1368824  65880 2007516    0    0     0     0 1661 1760  1  1 98  0  0  0
21:09:01  0  0      0 1371876  65880 2007516    0    0     0     0 1228 1379  1  1 99  0  0  0
21:09:02  0  0      0 1383064  65880 2007516    0    0     0     0 1243 1379  1  1 98  0  0  0
21:09:03  0  0      0 1375440  65888 2007516    0    0     0    40 1189 1263  1  0 99  0  0  0
21:09:04  0  0      0 1375188  65888 2007516    0    0     0     8  936 1117  1  1 99  0  0  0
21:09:05  0  0      0 1387480  65888 2007516    0    0     0     0 1502 2172  2  1 97  0  0  0
21:09:06  0  0      0 1371712  65888 2007516    0    0     0     0 1277 1400  1  2 98  0  0  0
21:09:07  0  0      0 1387420  65888 2007516    0    0     0     0 3863 1556 12  1 87  0  0  0
21:09:08  0  0      0 1407500  65896 2007516    0    0     0    40 1392 1495  0  1 98  0  0  0
21:09:09  0  0      0 1395244  65896 2007520    0    0     0    12 1080 1205  0  1 99  0  0  0
21:09:10  0  0      0 1394740  65896 2007520    0    0     0     8  934 1128  0  0 99  0  0  0
21:09:11  0  0      0 1413808  65896 2007520    0    0     0     0 1777 1917  1  2 98  0  0  0
21:09:12  0  0      0 1405680  65896 2007520    0    0     0     0 1174 1295  1  1 99  0  0  0
21:09:13  0  0      0 1406100  65904 2007520    0    0     0    32 1069 1167  1  1 99  0  0  0
21:09:14  0  0      0 1416884  65904 2007516    0    0     0     0 1047 1280  1  1 99  0  0  0
21:09:15  0  0      0 1404912  65904 2007516    0    0     0     8 1327 1932  1  0 98  0  0  0
21:09:16  0  0      0 1404260  65904 2007516    0    0     0     8 1257 1500  1  1 98  0  0  0
21:09:17  0  0      0 1415704  65936 2007524    0    0     0   112 1314 1498  1  1 98  1  0  0
21:09:18  0  0      0 1399252  65936 2007524    0    0     0    60 1130 1276  1  0 99  0  0  0
21:09:19  0  0      0 1399920  65936 2007524    0    0     0     0 1189 1444  1  0 99  0  0  0
21:09:20  0  0      0 1409884  65936 2007524    0    0     0   256 1095 1287  1  1 98  0  0  0
21:09:21  0  0      0 1404356  65936 2007540    0    0     0     8 1444 1521  1  1 98  0  0  0
21:09:22  0  0      0 1404088  65944 2007540    0    0     0    40 1002 1171  1  0 99  0  0  0
21:09:23  1  0      0 1416148  65944 2007540    0    0     0   256 1080 1271  0  1 98  0  0  0
21:09:24  0  0      0 1409832  65944 2007540    0    0     0     0 1120 1323  1  1 99  0  0  0
21:09:25  0  0      0 1409028  65944 2007540    0    0     0     8 1552 2110  1  0 98  0  0  0
21:09:26  1  0      0 1419484  65944 2007544    0    0     0   256 1216 1434  1  2 97  0  0  0
21:09:27  0  0      0 1404920  65952 2007548    0    0     0    36 1318 1511  1  1 98  0  0  0
21:09:28  0  0      0 1404696  65952 2007548    0    0     0     8 1010 1162  1  1 99  0  0  0
21:09:29  0  0      0 1415556  65952 2007548    0    0     0   256  987 1284  1  1 98  0  0  0
21:09:30  1  0      0 1414192  65952 2007548    0    0     0     0  735  761  1  0 99  0  0  0
21:09:31  0  0      0 1397836  65952 2007548    0    0     0     0 1187 1364  1  1 98  0  0  0
21:09:32  0  0      0 1397400  65960 2007548    0    0     0   292 1487 1645  1  1 98  0  0  0
21:09:33  0  0      0 1408400  65960 2007552    0    0     0     8 1179 1394  1  1 99  0  0  0
21:09:34  0  0      0 1398760  65960 2007552    0    0     0     8 1151 1364  1  1 99  0  0  0
21:09:35  0  0      0 1398760  65960 2007552    0    0     0     0 1309 1826  1  1 98  0  0  0
21:09:36  1  0      0 1407608  65960 2007552    0    0     0   256 1296 1459  1  1 97  0  0  0
21:09:37  0  0      0 1394176  65968 2007552    0    0     0    24 1397 1606  1  1 98  0  0  0
21:09:38  0  0      0 1390396  65968 2007552    0    0     0     8 3356 5117  4  2 94  0  0  0
21:09:39  0  0      0 1398144  65968 2007552    0    0     0   256 1725 2197  1  1 98  0  0  0
21:09:40  0  0      0 1377520  65968 2007552    0    0     0     8 2066 2658  2  1 97  0  0  0
21:09:41  1  0      0 1371376  65968 2007552    0    0     0     0 3438 5588  4  3 93  0  0  0
21:09:42  0  0      0 1378612  65976 2007552    0    0     0   284 1700 2294  1  1 98  0  0  0
21:09:43  0  0      0 1364716  65976 2007552    0    0     0     8 2247 2969  2  1 97  0  0  0
21:09:44  1  0      0 1362452  65976 2007552    0    0     0     0 2957 4301  4  1 95  0  0  0
21:09:45  0  0      0 1387016  65992 2007552    0    0     0   312 3459 5372  4  1 94  0  0  0
21:09:46  1  0      0 1375284  65992 2007552    0    0     0    12 2898 4114  3  2 95  0  0  0
21:09:47  0  0      0 1371812  65992 2007552    0    0     0     0 2732 3864  3  1 96  0  0  0
21:09:48  0  0      0 1381684  65992 2007556    0    0     0     0 1876 2342  2  2 97  0  0  0
21:09:49  0  0      0 1368912  65992 2007556    0    0     0    12 3480 5070  4  2 94  0  0  0
21:09:50  0  0      0 1369192  66000 2007556    0    0     0    52 1479 2009  1  1 98  0  0  0
21:09:51  0  0      0 1381264  66000 2007556    0    0     0     4 3063 4314  3  2 95  0  0  0
21:09:52  0  0      0 1367344  66000 2007560    0    0     0    56 3051 4324  4  2 95  0  0  0
21:09:53  0  0      0 1363848  66000 2007560    0    0     0     0 3241 4732  4  1 94  0  0  0
21:09:54  0  0      0 1371632  66000 2007560    0    0     0     0 3062 4305  3  2 95  0  0  0
21:09:55  1  0      0 1356828  66008 2007556    0    0     0    44 3173 4700  4  1 95  0  0  0
21:09:56  0  0      0 1353940  66008 2007560    0    0     0     0 3039 4522  4  1 95  0  0  0
21:09:57  0  0      0 1358768  66008 2007560    0    0     0     4 3503 4987  4  2 94  0  0  0
21:09:58  0  0      0 1344840  66008 2007560    0    0     0     0 1119 1196  1  1 99  0  0  0
21:09:59  0  0      0 1344332  66008 2007560    0    0     0     0  874 1004  0  0 99  0  0  0
21:10:00  0  0      0 1353072  66016 2007560    0    0     0    28 1989 2689  2  1 97  0  0  0
21:10:01  0  0      0 1343840  66016 2007560    0    0     0     8 1181 1267  1  1 98  0  0  0
21:10:02  0  0      0 1338632  66016 2007560    0    0     0     4 1113 1278  1  1 99  0  0  0
21:10:03  0  0      0 1350960  66016 2007560    0    0     0     0 3564 5281  4  2 94  0  0  0
21:10:04  0  0      0 1338404  66016 2007560    0    0     0     0 2861 4234  3  1 96  0  0  0
21:10:05  6  0      0 1339340  66024 2007556    0    0     0    20 2614 3848  4  0 96  0  0  0
21:10:06  0  0      0 1350368  66024 2007560    0    0     0     0 3321 4589  3  2 95  0  0  0
21:10:07  0  0      0 1336044  66024 2007516    0    0     0     8 2664 3738  3  1 96  0  0  0
21:10:08  0  0      0 1333524  66024 2007516    0    0     0     8 2585 3650  3  1 97  0  0  0
21:10:09  0  0      0 1345392  66024 2007516    0    0     0     0 3187 4823  4  2 94  0  0  0
21:10:10  0  0      0 1336584  66032 2007516    0    0     0    32 1456 1668  1  1 98  0  0  0
21:10:11  0  0      0 1334704  66032 2007516    0    0     0     0 2295 3198  3  1 96  0  0  0
21:10:12  0  0      0 1399988  66032 2007516    0    0     0     0 3675 5124  7  2 91  0  0  0
21:10:13  0  0      0 1395732  66032 2007516    0    0     0     8 3102 4454  3  2 95  0  0  0
21:10:14  0  0      0 1394452  66032 2007516    0    0     0     4 1629 2163  1  0 98  0  0  0
21:10:15  0  0      0 1409588  66040 2007512    0    0     0    20 3053 4487  3  2 95  0  0  0
21:10:16  0  0      0 1396012  66040 2007516    0    0     0     0 3545 4875  5  2 93  0  0  0
21:10:17  0  0      0 1394120  66040 2007516    0    0     0     0 3178 4655  4  2 94  0  0  0
21:10:18  0  0      0 1402264  66040 2007516    0    0     0     0 1986 2630  2  2 97  0  0  0
21:10:19  0  0      0 1385892  66040 2007516    0    0     0     8 3578 5241  5  2 94  0  0  0
21:10:20  0  0      0 1383432  66048 2007516    0    0     0    24 1000 1192  1  1 99  0  0  0
21:10:21  0  0      0 1401564  66048 2007516    0    0     0     0 3403 4913  4  2 95  0  0  0
21:10:22  0  0      0 1379448  66048 2007516    0    0     0     0 2620 3537  2  2 96  0  0  0
21:10:23  0  0      0 1379268  66048 2007516    0    0     0     0 2318 3168  4  1 94  0  0  0
21:10:24  1  0      0 1408716  66048 2007516    0    0     0     0 1780 2241  1  1 98  0  0  0
21:10:25  0  0      0 1391208  66056 2007512    0    0     0    28 3157 4720  4  2 94  0  0  0
21:10:26  0  0      0 1391400  66056 2007516    0    0     0    36 2984 4304  4  2 94  0  0  0
21:10:27  0  0      0 1400136  66056 2007516    0    0     0     0 2250 3218  2  2 96  0  0  0
21:10:28  0  0      0 1383764  66056 2007516    0    0     0     0 1500 1892  1  1 98  0  0  0
21:10:29  0  0      0 1384564  66056 2007516    0    0     0     0  973 1152  1  1 99  0  0  0
21:10:30  0  0      0 1399396  66064 2007516    0    0     0    20 2094 2719  2  2 96  0  0  0
21:10:31  0  0      0 1384676  66064 2007516    0    0     0     8 2553 3483  2  2 96  0  0  0
21:10:32  1  0      0 1380316  66064 2007516    0    0     0     4 3290 4770  4  2 94  0  0  0
21:10:33  0  0      0 1398656  66064 2007516    0    0     0     0 2463 3579  3  2 95  0  0  0
21:10:34  0  0      0 1393880  66064 2007516    0    0     0     0 2703 3658  3  1 96  0  0  0
21:10:35  0  0      0 1392124  66072 2007520    0    0     0    20 2146 3170  2  1 97  0  0  0
21:10:36  0  0      0 1394332  66072 2007520    0    0     0    12 2787 4195  3  1 96  0  0  0
21:10:37  0  0      0 1388148  66072 2007520    0    0     0     4 3205 4455  3  2 95  0  0  0
21:10:38  0  0      0 1387312  66072 2007520    0    0     0     0 2815 4023  4  2 95  0  0  0
21:10:39  0  0      0 1394228  66072 2007520    0    0     0     0 2206 3120  2  1 97  0  0  0
21:10:40  1  0      0 1363816  66080 2007536    0    0     0    40 4313 7419  8  3 89  0  0  0
21:10:41  1  0      0 1364484  66080 2007536    0    0     0     0 5153 7939  6  3 91  0  0  0
21:10:42  2  0      0 1357988  66080 2007536    0    0     0     8 6167 9949  7  4 89  0  0  0
21:10:43  0  0      0 1360112  66080 2007536    0    0     0   440 5440 8625  5  3 92  0  0  0
21:10:44  0  0      0 1359864  66080 2007536    0    0     0     0 4844 7708  5  2 93  0  0  0
21:10:45  0  0      0 1366108  66088 2007540    0    0     0   272 6001 9117  7  4 89  0  0  0
21:10:46  1  0      0 1360612  66088 2007540    0    0     0     0 5350 8466  6  2 92  0  0  0
21:10:47  0  0      0 1359356  66088 2007540    0    0     0     8 5049 8170  6  2 92  0  0  0
21:10:48  2  0      0 1380780  66088 2007544    0    0     0     0 7150 12426 12  5 83  0  0  0
21:10:49  1  0      0 1318824  66108 2008192    0    0     8  1596 8923 14368 17  5 78  0  0  0
